143
2 55 0.798813
6 117 0.792421
12 15 0.758683
18 103 0.764589
21 326 0.727574
26 30 0.348333
30 37 0.730738
35 78 0.637953
44 49 0.219127
50 77 0.704778
51 133 0.766360
56 61 0.602625
57 64 0.423961
58 87 0.539099
59 65 0.249496
61 47 0.673354
62 48 0.564162
63 69 0.406573
64 73 0.576206
68 261 0.453781
69 261 0.427585
70 261 0.619055
71 100 0.648459
74 81 0.506300
75 83 0.346286
79 183 0.516897
80 88 0.374357
81 89 0.246216
82 91 0.334478
83 116 0.748236
86 70 0.720184
87 96 0.435011
88 97 0.597296
101 76 0.609527
103 261 0.527374
109 110 0.533598
110 91 0.743866
112 112 0.482909
115 89 0.281476
116 116 0.205810
117 151 0.683775
118 152 0.473837
119 121 0.354348
120 122 0.222531
122 157 0.773671
124 128 0.181538
125 129 0.266933
129 132 0.671951
130 56 0.737708
142 176 0.461711
143 177 0.449828
144 142 0.643546
148 183 0.625826
149 147 0.577227
150 118 0.224765
151 153 0.195337
152 154 0.322945
153 155 0.468136
154 123 0.404168
155 124 0.377633
160 160 0.298191
161 161 0.424295
165 133 0.310295
176 35 0.787071
177 329 0.665751
179 329 0.741356
181 119 0.492616
182 120 0.603567
184 182 0.471535
186 217 0.548916
187 195 0.691322
188 196 0.310616
192 261 0.372151
193 18 0.614822
194 100 0.767970
195 204 0.350341
196 205 0.468169
197 355 0.701051
212 314 0.577367
214 175 0.442018
216 214 0.463617
217 215 0.404203
219 273 0.638440
220 188 0.551621
221 217 0.351459
222 277 0.364876
223 192 0.278319
224 193 0.210096
226 223 0.173243
228 287 0.671877
229 288 0.786258
230 54 0.770724
231 227 0.215192
236 204 0.403593
241 77 0.748650
252 245 0.614360
257 261 0.326332
258 261 0.247011
259 255 0.667121
260 257 0.270195
261 258 0.247621
263 265 0.709526
264 266 0.598659
265 267 0.279695
266 274 0.315753
267 275 0.432937
269 340 0.504471
272 256 0.637468
275 281 0.245488
276 282 0.276222
279 224 0.728907
282 283 0.410347
284 284 0.391200
285 285 0.472497
286 225 0.796310
287 226 0.778505
288 201 0.696421
289 350 0.651901
293 295 0.416880
294 315 0.795418
299 299 0.746734
304 135 0.760271
311 330 0.669281
316 315 0.638509
317 316 0.508657
322 252 0.638970
326 332 0.625015
327 333 0.653356
330 334 0.521573
331 338 0.529733
332 339 0.370535
334 256 0.721684
337 279 0.476978
338 280 0.546849
343 286 0.713051
347 57 0.795000
355 290 0.570900
356 291 0.498651
358 278 0.750936
362 278 0.755719
366 354 0.507898
370 194 0.793605
371 194 0.754250
