77
14 7 0.785383
29 74 0.798817
31 31 0.583807
32 33 0.412623
33 34 0.342026
37 37 0.641366
43 33 0.771400
44 48 0.766918
45 49 0.763752
47 49 0.693507
56 62 0.666422
58 56 0.643822
61 81 0.676646
63 69 0.671553
64 56 0.756987
67 55 0.578007
68 120 0.725988
71 197 0.730362
73 79 0.349964
78 115 0.729200
79 81 0.522940
93 150 0.431180
96 214 0.688619
99 36 0.602348
101 87 0.597950
104 124 0.519656
110 131 0.716779
111 136 0.615683
113 135 0.435948
115 142 0.589684
116 115 0.795393
117 194 0.516340
125 119 0.799941
126 120 0.627600
128 20 0.768220
131 122 0.602457
136 90 0.714962
137 91 0.721911
140 35 0.774987
142 170 0.503441
148 175 0.641597
149 138 0.608027
150 182 0.723971
153 193 0.640466
155 194 0.605837
156 195 0.410242
160 154 0.588036
179 223 0.777385
183 161 0.499537
184 326 0.674753
185 226 0.638035
193 235 0.752783
194 236 0.739696
196 135 0.724102
203 181 0.718782
205 183 0.786199
207 184 0.638726
210 252 0.711644
216 258 0.432304
217 313 0.348560
229 66 0.749280
234 151 0.781339
241 200 0.676994
247 280 0.703841
250 282 0.622651
252 279 0.546465
260 298 0.622788
262 297 0.346859
266 188 0.774209
270 120 0.792087
273 250 0.533755
274 251 0.592710
276 253 0.683773
277 254 0.514160
286 317 0.711734
287 318 0.619487
289 323 0.425056
