62
6 13 0.787520
10 23 0.706512
11 18 0.431192
19 34 0.230665
20 35 0.236628
21 138 0.715381
22 139 0.499191
23 138 0.759369
29 32 0.748922
32 54 0.650671
36 60 0.559623
40 54 0.500707
44 77 0.727348
48 81 0.631911
51 93 0.359269
55 138 0.717329
57 138 0.682201
58 139 0.677580
59 102 0.611603
67 79 0.532177
75 125 0.493377
76 126 0.252993
79 179 0.560677
80 137 0.429854
81 279 0.679703
82 144 0.526926
84 113 0.617604
93 161 0.261753
94 162 0.308135
95 260 0.722042
108 168 0.202303
109 169 0.319471
111 264 0.717037
112 171 0.267018
113 172 0.403755
114 176 0.300688
116 179 0.367897
117 180 0.397752
122 187 0.276951
124 190 0.467824
125 191 0.769070
132 93 0.774952
142 180 0.276577
143 215 0.351023
145 228 0.255489
147 188 0.559186
149 189 0.592201
150 192 0.740583
151 244 0.533186
155 246 0.559730
178 263 0.355288
179 264 0.254380
186 268 0.323547
187 269 0.278619
194 273 0.673734
195 274 0.613511
196 280 0.394142
197 281 0.585110
199 283 0.628560
200 285 0.763495
201 285 0.636197
202 287 0.425255
