48
6 16 0.718202
17 46 0.675054
21 50 0.665941
29 15 0.212263
35 29 0.653997
43 17 0.656706
44 18 0.492777
48 77 0.603511
53 23 0.333253
60 39 0.212681
61 26 0.529812
65 27 0.520726
66 41 0.302712
67 27 0.289909
68 28 0.467791
76 44 0.784339
77 58 0.293334
86 101 0.769152
92 67 0.399004
93 70 0.767463
94 71 0.423684
96 72 0.400719
100 62 0.772200
103 31 0.697703
105 77 0.453688
110 30 0.779902
111 97 0.474303
115 93 0.770069
138 91 0.677551
139 89 0.291774
140 90 0.395403
149 92 0.352517
155 133 0.668077
156 97 0.485445
167 68 0.345015
170 99 0.338943
172 72 0.469172
196 106 0.613839
205 133 0.736412
210 31 0.776947
212 97 0.605208
213 44 0.743820
238 100 0.313037
240 120 0.485286
251 72 0.778915
264 114 0.799528
269 134 0.186238
270 135 0.156781
