71
1 146 0.735001
4 1 0.661096
21 63 0.773427
22 25 0.605547
25 17 0.697292
31 43 0.759855
41 46 0.255120
42 47 0.334880
46 51 0.159258
51 52 0.305429
59 59 0.474260
60 60 0.485089
66 50 0.408652
67 68 0.222859
68 143 0.771480
74 70 0.326502
76 34 0.689137
78 123 0.618065
79 93 0.795440
81 290 0.781122
85 64 0.400167
86 198 0.784150
92 115 0.662784
102 286 0.730442
115 97 0.348893
131 286 0.666228
132 122 0.695682
134 286 0.765779
138 88 0.280749
143 92 0.316108
144 108 0.403969
145 109 0.090151
148 155 0.524633
160 258 0.771165
161 270 0.779906
163 286 0.756371
164 126 0.620713
169 32 0.760098
172 145 0.706313
176 258 0.631198
178 259 0.583292
184 148 0.601904
185 149 0.425876
187 153 0.122781
191 183 0.672998
194 115 0.383457
211 145 0.777804
212 178 0.187830
213 181 0.197645
216 153 0.245270
218 155 0.464789
219 156 0.690173
220 158 0.609638
221 183 0.424317
231 126 0.694285
239 171 0.305968
251 207 0.673384
263 259 0.268608
264 179 0.529172
269 258 0.284939
272 270 0.440756
290 28 0.690472
311 227 0.228425
312 197 0.307077
313 243 0.677207
328 286 0.757965
336 273 0.346127
337 274 0.398077
343 129 0.761535
354 243 0.490413
360 297 0.410177
