78
8 24 0.797455
10 10 0.761147
12 3 0.614336
17 14 0.539570
27 70 0.792889
28 33 0.760390
29 70 0.556653
30 34 0.192882
31 35 0.299035
32 33 0.655481
36 41 0.165771
39 39 0.501871
41 49 0.139216
42 50 0.123564
43 51 0.366132
46 54 0.774598
47 77 0.529407
49 58 0.637756
51 16 0.743726
53 68 0.470166
55 71 0.427311
56 72 0.306633
57 74 0.463325
60 115 0.410935
61 80 0.224025
65 60 0.563335
66 85 0.145113
67 86 0.152642
68 87 0.252585
69 88 0.220685
70 89 0.567757
71 90 0.120952
72 91 0.244539
73 92 0.091086
74 74 0.671510
76 98 0.489589
77 99 0.350851
80 75 0.469307
81 76 0.667612
82 100 0.306970
83 102 0.164719
84 103 0.125030
85 104 0.125797
86 107 0.174914
87 108 0.417370
88 109 0.267035
89 110 0.716802
90 111 0.482549
91 112 0.306721
92 113 0.313475
93 117 0.598999
96 154 0.671557
99 167 0.400684
100 168 0.464249
102 127 0.270783
103 129 0.242282
104 130 0.531438
107 132 0.174926
110 133 0.277670
111 93 0.663622
112 94 0.642626
117 134 0.314843
118 135 0.270776
119 136 0.524441
126 114 0.257349
127 141 0.539554
132 161 0.373187
133 162 0.527549
134 163 0.274757
135 164 0.393641
136 165 0.273215
137 169 0.219503
142 175 0.263127
143 176 0.228146
146 177 0.205398
147 183 0.489393
148 186 0.335675
149 187 0.255025
