102
5 6 0.794220
22 25 0.129278
24 341 0.595410
26 32 0.160750
27 33 0.236699
30 49 0.686759
33 37 0.587028
36 48 0.270643
37 49 0.364619
41 177 0.749553
42 39 0.401313
43 40 0.370457
44 55 0.483709
50 70 0.193595
52 71 0.672493
54 106 0.773263
55 79 0.556325
56 71 0.773690
57 89 0.351447
58 127 0.496453
60 361 0.764583
63 94 0.388521
67 105 0.080739
69 84 0.316358
71 126 0.345941
74 198 0.752275
80 133 0.425405
82 134 0.224667
84 135 0.232130
85 136 0.205005
86 137 0.292198
87 139 0.675176
88 140 0.575946
89 107 0.721660
94 157 0.220110
96 162 0.206900
97 127 0.767610
98 128 0.500576
99 163 0.295697
100 195 0.713658
112 177 0.568098
113 246 0.777499
114 175 0.716819
118 258 0.640731
119 181 0.183608
120 182 0.494915
121 147 0.427224
122 148 0.604190
124 227 0.369161
127 160 0.537131
128 161 0.700179
131 193 0.152564
132 341 0.772638
133 198 0.346361
134 199 0.336727
138 164 0.775248
139 51 0.758940
146 205 0.475541
148 206 0.171187
153 207 0.471637
154 208 0.209006
158 209 0.690722
160 258 0.521628
165 227 0.144118
167 235 0.151537
173 237 0.207151
174 198 0.448078
184 307 0.664115
188 246 0.780486
192 246 0.280973
193 207 0.521334
194 208 0.241980
195 247 0.720419
201 213 0.760266
202 341 0.754221
203 262 0.607006
204 268 0.198786
206 270 0.211092
207 271 0.237827
208 274 0.243676
209 277 0.461650
220 311 0.629631
226 307 0.367248
229 310 0.238711
232 244 0.691352
240 367 0.693288
241 367 0.744994
242 367 0.720234
243 368 0.707996
248 253 0.509055
249 315 0.413025
252 256 0.227620
254 328 0.284244
258 335 0.703444
261 278 0.481982
262 352 0.720203
270 353 0.183692
271 359 0.621344
273 294 0.683862
274 295 0.625636
281 361 0.622279
282 364 0.372259
