39
8 9 0.678560
16 12 0.740254
27 23 0.579277
28 24 0.688420
30 34 0.690089
35 30 0.751408
37 31 0.752428
39 6 0.734427
41 24 0.716120
42 34 0.796900
50 17 0.560399
61 34 0.791832
63 76 0.794444
74 74 0.611964
76 43 0.316218
78 46 0.745383
80 25 0.603650
88 39 0.748776
90 124 0.739236
96 25 0.623686
103 65 0.249899
105 7 0.799536
107 68 0.179086
108 69 0.180364
111 75 0.654283
116 44 0.638904
123 80 0.332815
124 81 0.356744
126 84 0.426006
127 85 0.244926
128 92 0.272091
129 93 0.255385
130 97 0.663563
133 74 0.504141
142 98 0.425877
148 74 0.709869
151 96 0.781235
153 74 0.603252
156 74 0.608106
