150
1 3 0.761542
9 11 0.631240
21 279 0.767202
30 39 0.468365
31 41 0.486026
44 34 0.136911
45 40 0.172290
49 43 0.187215
54 144 0.760305
58 35 0.181372
59 37 0.233287
60 68 0.636738
61 56 0.209277
62 57 0.324518
63 58 0.094054
64 59 0.231625
66 187 0.757280
67 42 0.355098
69 60 0.111786
70 61 0.204312
72 138 0.796177
74 48 0.734484
78 279 0.636251
84 66 0.215321
86 51 0.160066
87 52 0.319715
91 74 0.122618
92 75 0.400562
95 76 0.379910
101 48 0.797188
104 86 0.137581
105 87 0.281165
106 88 0.325238
110 118 0.540134
112 96 0.389575
113 97 0.342717
115 98 0.092490
116 99 0.146877
117 100 0.213677
119 130 0.466290
123 60 0.671096
124 102 0.219262
125 103 0.174619
128 109 0.321735
129 112 0.171125
130 113 0.362327
131 114 0.301450
133 164 0.179407
135 122 0.571606
136 168 0.538368
139 172 0.406269
140 128 0.148903
143 184 0.407363
144 131 0.324501
145 101 0.218938
148 144 0.568570
159 152 0.397153
160 154 0.274665
161 155 0.581992
163 161 0.273834
164 162 0.243164
168 163 0.279404
169 119 0.642604
171 167 0.228505
172 223 0.658417
173 169 0.422416
174 124 0.433560
175 180 0.702948
177 178 0.217277
178 179 0.395411
181 183 0.440980
183 236 0.447246
184 185 0.165943
188 386 0.730035
189 134 0.675767
197 192 0.655744
199 62 0.582601
203 106 0.660415
204 195 0.337978
208 199 0.372269
210 201 0.444296
211 204 0.314658
212 203 0.365062
217 207 0.475891
220 214 0.182525
221 215 0.224029
223 360 0.797264
227 168 0.740608
233 180 0.378853
235 235 0.336933
236 236 0.186481
239 237 0.183744
245 319 0.629250
249 252 0.355411
250 204 0.764241
252 258 0.554826
253 199 0.533142
269 276 0.516443
274 285 0.381207
276 286 0.455610
277 289 0.376659
278 290 0.647920
279 222 0.476470
281 299 0.462027
284 301 0.447480
285 302 0.524097
286 305 0.549627
295 421 0.479101
296 233 0.213959
297 234 0.381306
298 313 0.424076
299 315 0.228880
302 378 0.734357
303 322 0.377447
304 323 0.448757
306 329 0.219546
316 255 0.560969
318 42 0.706831
320 262 0.752183
333 339 0.392236
345 361 0.171278
351 371 0.637393
361 377 0.436039
364 380 0.552993
366 384 0.767161
367 385 0.564166
368 381 0.573721
369 385 0.706038
379 394 0.725911
380 305 0.796164
382 401 0.321360
386 307 0.571807
389 411 0.262258
391 413 0.506227
392 415 0.270827
393 416 0.497767
395 214 0.691974
396 215 0.781875
399 419 0.225311
400 420 0.208846
402 390 0.649098
403 391 0.659358
407 314 0.331437
409 428 0.480809
412 434 0.335149
413 317 0.533542
419 436 0.110208
420 437 0.487629
421 438 0.295509
422 439 0.212476
