46
11 13 0.776326
15 128 0.660378
21 45 0.693752
27 45 0.791170
34 47 0.747699
37 40 0.640720
42 47 0.719577
49 64 0.736197
68 82 0.673623
73 42 0.768720
76 50 0.701014
77 100 0.621090
78 97 0.540280
81 85 0.670947
84 98 0.697648
86 100 0.500645
90 90 0.793874
92 116 0.703557
93 118 0.721640
96 94 0.560505
118 124 0.437147
121 128 0.637888
122 142 0.795603
124 97 0.666464
134 44 0.526195
135 45 0.389007
146 166 0.512039
147 167 0.574396
154 224 0.727205
155 174 0.662467
160 128 0.330984
162 266 0.743312
175 11 0.756631
182 163 0.798628
186 169 0.656030
195 240 0.766523
208 166 0.636409
214 220 0.651188
218 217 0.781064
220 166 0.696886
221 167 0.642322
225 168 0.429222
236 280 0.627740
240 266 0.306369
247 214 0.524986
253 289 0.792061
