117
1 1 0.666072
11 7 0.531903
12 13 0.767065
15 17 0.780957
19 18 0.204648
26 14 0.471907
28 16 0.624223
31 17 0.633051
40 168 0.751520
44 39 0.523123
45 40 0.497596
53 166 0.590126
54 167 0.419622
55 181 0.616941
61 55 0.154351
68 76 0.342219
72 35 0.787889
76 75 0.580946
80 339 0.620374
82 65 0.731202
84 89 0.425337
85 88 0.335816
87 90 0.577786
88 91 0.404667
92 96 0.689945
98 78 0.607159
101 99 0.686949
102 102 0.328414
105 143 0.707094
106 109 0.146259
108 151 0.267908
109 152 0.506121
112 119 0.163247
115 120 0.372801
116 97 0.745846
120 98 0.356706
123 36 0.570245
129 195 0.587143
134 134 0.226708
135 137 0.243981
137 137 0.722676
138 140 0.403455
140 141 0.204848
141 108 0.187871
147 287 0.696042
150 153 0.533678
151 115 0.264394
153 155 0.128773
154 156 0.132121
155 157 0.229244
157 182 0.483643
161 165 0.443746
164 168 0.735250
170 197 0.649389
171 172 0.157280
172 173 0.290508
174 175 0.177661
176 178 0.323949
177 179 0.184049
182 337 0.740994
184 182 0.327330
186 122 0.622572
194 174 0.618215
197 206 0.260373
198 209 0.384842
200 207 0.407243
201 208 0.403299
203 211 0.252791
204 212 0.345625
206 218 0.150504
208 284 0.343022
210 180 0.747831
213 229 0.402559
215 229 0.704360
217 185 0.539238
218 234 0.595583
219 122 0.663883
222 244 0.420649
224 245 0.303535
229 210 0.646581
231 259 0.439768
232 260 0.602328
235 268 0.279690
239 271 0.418024
240 216 0.595690
245 276 0.272291
248 278 0.250786
250 219 0.550893
251 280 0.238527
253 282 0.484868
254 283 0.501658
257 285 0.398242
258 221 0.269941
259 267 0.786657
261 292 0.634123
262 288 0.340870
263 289 0.396124
265 293 0.336537
268 297 0.494890
271 276 0.702949
272 225 0.422571
273 313 0.223133
277 228 0.555728
278 318 0.526394
279 319 0.553674
280 231 0.558388
281 321 0.732846
283 235 0.598795
285 323 0.437278
286 324 0.660086
287 188 0.794657
288 326 0.612943
289 188 0.598400
291 191 0.492362
292 333 0.421281
293 338 0.529220
294 340 0.269063
