128
9 18 0.767797
11 72 0.788886
12 24 0.778638
14 14 0.402296
15 16 0.281088
19 18 0.476259
20 70 0.793915
22 98 0.710218
27 15 0.279498
29 19 0.467576
32 25 0.474087
36 73 0.750831
39 42 0.762922
40 43 0.470074
41 72 0.594921
47 81 0.607289
49 39 0.135431
50 40 0.162031
51 41 0.275130
55 57 0.135218
57 61 0.569880
61 72 0.373696
62 73 0.602129
68 79 0.647123
69 82 0.787559
70 77 0.623883
71 83 0.332683
72 78 0.778400
73 85 0.555640
74 112 0.775854
76 381 0.505413
78 46 0.700460
80 97 0.422418
83 179 0.671459
92 103 0.252737
93 77 0.636000
95 85 0.306627
97 137 0.768829
104 155 0.681313
106 157 0.375458
107 104 0.258712
109 127 0.246980
110 129 0.162453
111 130 0.195562
112 132 0.210740
117 134 0.219055
119 100 0.729177
122 118 0.785612
123 142 0.229954
136 201 0.620091
138 199 0.617798
139 73 0.787433
141 156 0.366739
148 164 0.208721
149 162 0.460003
153 167 0.158425
154 168 0.402221
163 185 0.226052
164 302 0.365603
168 72 0.433849
175 213 0.283135
176 211 0.605774
177 217 0.214280
179 402 0.747094
181 226 0.597400
185 229 0.223202
189 237 0.229195
192 302 0.371754
193 241 0.272192
199 199 0.714368
200 250 0.344457
202 315 0.762826
204 207 0.655160
207 256 0.322562
208 257 0.260861
211 330 0.416381
216 259 0.497712
218 260 0.164486
219 222 0.604431
222 274 0.360534
223 275 0.640186
225 185 0.754258
228 381 0.782362
229 137 0.774284
234 230 0.373229
235 293 0.358435
236 294 0.164098
238 118 0.742623
240 244 0.700099
242 245 0.145981
244 307 0.315054
252 255 0.513096
254 211 0.742053
255 320 0.265223
259 336 0.310948
260 337 0.393333
262 331 0.551565
264 335 0.325253
265 340 0.359707
266 333 0.341026
267 339 0.492438
271 257 0.468327
273 343 0.707483
277 261 0.604806
278 262 0.280747
280 350 0.390444
285 355 0.385704
287 358 0.428402
288 356 0.408612
290 355 0.768902
293 360 0.360383
298 270 0.554494
299 361 0.611526
303 367 0.405856
304 369 0.701946
306 370 0.306900
307 371 0.653453
320 226 0.697866
321 289 0.361846
322 387 0.546806
323 397 0.283637
324 398 0.524472
326 404 0.525844
327 405 0.550979
332 100 0.546071
338 305 0.682337
339 226 0.612433
341 308 0.689179
