74
8 200 0.727426
16 200 0.742761
17 133 0.728676
20 17 0.388291
25 20 0.539358
48 79 0.645078
71 56 0.331771
72 57 0.613110
104 133 0.589699
105 132 0.518827
123 83 0.460815
129 88 0.412084
137 97 0.330041
138 41 0.781765
149 145 0.650259
153 144 0.607527
173 119 0.251190
177 161 0.507595
182 125 0.444548
188 79 0.689135
189 246 0.429020
192 133 0.446097
193 132 0.345702
212 144 0.597044
219 152 0.171351
220 153 0.279386
221 150 0.593963
223 133 0.758787
227 195 0.574320
228 118 0.308491
230 202 0.461251
231 202 0.375551
234 202 0.653496
239 245 0.485943
241 85 0.501071
248 128 0.599831
268 146 0.770268
269 147 0.682872
283 152 0.613384
284 153 0.744155
293 233 0.654517
306 195 0.574235
311 206 0.301442
312 207 0.315476
314 218 0.752696
326 133 0.486555
327 132 0.454399
329 167 0.376630
335 195 0.667020
342 223 0.673208
346 223 0.504636
347 224 0.381663
360 180 0.780653
365 144 0.605717
366 110 0.784979
369 144 0.450201
373 229 0.644586
380 215 0.657872
387 233 0.715510
395 233 0.573336
396 195 0.587823
400 195 0.726797
406 195 0.719078
408 159 0.739628
409 196 0.671931
410 198 0.799084
422 201 0.509141
424 204 0.348678
435 170 0.759862
436 251 0.299008
437 252 0.263545
438 212 0.414249
442 255 0.711217
443 255 0.463682
